 
3s2_3p_2Po[1/2]             2.0          0.000000     3.95241    16.346    7.585E+02       1   0.000E+00  -5.290E-17   7.470E-33
3s2_3p_2Po[3/2]             4.0        287.240000     3.94380    16.310    7.602E+02       2   0.000E+00  -5.300E-17   7.460E-33
3s_3p2_4Pe[1/2]             2.0      42824.290000     2.66857    11.036    1.123E+03       3   1.222E+04  -5.340E-17   7.490E-33
3s_3p2_4Pe[3/2]             4.0      42932.620000     2.66532    11.023    1.125E+03       4   2.110E+03  -5.340E-17   7.490E-33
3s_3p2_4Pe[5/2]             6.0      43107.910000     2.66007    11.001    1.127E+03       5   3.246E+03  -5.350E-17   7.490E-33
3s_3p2_2De[3/2]             4.0      55309.350000     2.29428     9.488    1.307E+03       6   8.386E+05  -6.480E-17   7.660E-33
3s_3p2_2De[5/2]             6.0      55325.180000     2.29380     9.486    1.307E+03       7   7.986E+05  -6.480E-17   7.660E-33
3s2_4s_2Se[1/2]             2.0      65500.470000     1.98875     8.225    1.507E+03       8   1.087E+09  -6.790E-16   2.030E-32
3s_3p2_2Se[1/2]             2.0      76665.350000     1.65404     6.841    1.812E+03       9   1.111E+09  -9.140E-17   1.130E-32
3s2_3d_2De[3/2]             4.0      79338.500000     1.57390     6.509    1.905E+03      10   3.597E+09  -1.210E-15   1.600E-32
3s2_3d_2De[5/2]             6.0      79355.020000     1.57340     6.507    1.905E+03      11   3.565E+09  -1.200E-15   1.600E-32
3s2_4p_2Po[1/2]             2.0      81191.340000     1.51835     6.279    1.974E+03      12   1.193E+08   1.540E-15   2.900E-32
3s2_4p_2Po[3/2]             4.0      81251.320000     1.51655     6.272    1.977E+03      13   1.204E+08   1.490E-15   2.900E-32
3s_3p2_2Pe[1/2]             2.0      83801.950000     1.44009     5.956    2.082E+03      14   4.245E+09  -7.640E-17   1.390E-32
3s_3p2_2Pe[3/2]             4.0      84004.260000     1.43402     5.931    2.091E+03      15   4.256E+09  -7.640E-17   1.390E-32
3s2_5s_2Se[1/2]             2.0      97972.090000     1.01528     4.199    2.953E+03      16   4.281E+08  -5.930E-15   7.250E-32
3s2_4d_2De[3/2]             4.0     101023.050000     0.92381     3.821    3.245E+03      17   7.767E+08  -8.970E-15   5.680E-32
3s2_4d_2De[5/2]             6.0     101024.350000     0.92377     3.820    3.245E+03      18   7.704E+08  -8.950E-15   5.680E-32
3s2_4f_2Fo[7/2]             8.0     103556.030000     0.84788     3.507    3.536E+03      19   3.413E+08   2.460E-15   5.500E-32
3s2_4f_2Fo[5/2]             6.0     103556.160000     0.84787     3.507    3.536E+03      20   3.419E+08   2.460E-15   5.500E-32
3s2_5p_2Po[1/2]             2.0     103860.740000     0.83874     3.469    3.574E+03      21   4.928E+07   4.060E-15   9.520E-32
3s2_5p_2Po[3/2]             4.0     103885.250000     0.83801     3.466    3.577E+03      22   4.926E+07   4.000E-15   9.520E-32
3s_3p(3Po)3d_2Do[3/2]       4.0     108778.700000     0.69130     2.859    4.337E+03      23   7.174E+05  -6.880E-17   6.780E-33
3s_3p(3Po)3d_2Do[5/2]       6.0     108820.600000     0.69005     2.854    4.345E+03      24   7.023E+05  -6.880E-17   6.780E-33
3s2_6s_2Se[1/2]             2.0     111184.460000     0.61918     2.561    4.842E+03      25   2.222E+08  -3.090E-14   1.910E-31
3s2_5d_2De[3/2]             4.0     112394.560000     0.58290     2.411    5.143E+03      26   2.210E+08  -5.160E-14   1.650E-31
3s2_5d_2De[5/2]             6.0     112394.720000     0.58290     2.411    5.143E+03      27   2.195E+08  -5.150E-14   1.650E-31
3s2_5f_2Fo[7/2]             8.0     113760.150000     0.54196     2.241    5.532E+03      28   1.945E+08  -4.730E-14   1.700E-31
3s2_5f_2Fo[5/2]             6.0     113760.320000     0.54196     2.241    5.532E+03      29   1.945E+08  -4.740E-14   1.700E-31
3s2_6p_2Po[1/2]             2.0     113962.080000     0.53591     2.216    5.594E+03      30   6.115E+07   2.530E-14   2.300E-31
3s2_6p_2Po[3/2]             4.0     113976.720000     0.53547     2.215    5.599E+03      31   5.954E+07   2.490E-14   2.310E-31
3s2_5g_2Ge[9/2]            10.0     114177.100000     0.52946     2.190    5.662E+03      32   7.736E+07   4.650E-14   1.330E-31
3s2_5g_2Ge[7/2]             8.0     114177.100100     0.52946     2.190    5.662E+03      33   7.731E+07   4.650E-14   1.330E-31
3s_3p(3Po)3d_4Fo[3/2]       4.0     114265.640000     0.52681     2.179    5.691E+03      34   1.269E+05  -1.010E-16   5.320E-33
3s_3p(3Po)3d_4Fo[5/2]       6.0     114327.150000     0.52497     2.171    5.711E+03      35   2.578E+05  -7.170E-17   5.350E-33
3s_3p(3Po)3d_4Fo[7/2]       8.0     114414.580000     0.52235     2.160    5.739E+03      36   2.674E+05  -8.170E-17   5.350E-33
3s_3p(3Po)3d_4Fo[9/2]      10.0     114529.140000     0.51891     2.146    5.777E+03      37   2.622E-01  -1.010E-16   5.320E-33
3s_3p(3Po)4s_4Po[1/2]       2.0     116862.380000     0.44896     1.857    6.677E+03      38   1.405E+09  -6.380E-16   1.880E-32
3s_3p(3Po)4s_4Po[3/2]       4.0     116978.380000     0.44548     1.842    6.730E+03      39   1.417E+09  -6.540E-16   1.880E-32
3s_3p(3Po)4s_4Po[5/2]       6.0     117178.060000     0.43950     1.818    6.821E+03      40   1.443E+09  -6.270E-16   1.880E-32
3s2_7s_2Se[1/2]             2.0     117914.800000     0.41741     1.726    7.182E+03      41   1.269E+08  -1.300E-13   4.150E-31
3s2_6d_2De[3/2]             4.0     118522.860000     0.39918     1.651    7.510E+03      42   9.076E+07  -2.210E-13   3.770E-31
3s2_6d_2De[5/2]             6.0     118522.930000     0.39918     1.651    7.510E+03      43   9.027E+07  -2.190E-13   3.770E-31
3s2_7p_2Po[1/2]             2.0     119245.220000     0.37753     1.561    7.941E+03      44   2.131E+08   1.470E-13   4.010E-31
3s2_7p_2Po[3/2]             4.0     119273.810000     0.37667     1.558    7.959E+03      45   1.907E+08   1.420E-13   4.130E-31
3s2_6f_2Fo[7/2]             8.0     119311.190000     0.37555     1.553    7.983E+03      46   1.153E+08  -2.480E-13   3.960E-31
3s2_6f_2Fo[5/2]             6.0     119311.340000     0.37554     1.553    7.983E+03      47   1.152E+08  -2.480E-13   3.960E-31
3s2_6g_2Ge[9/2]            10.0     119578.230000     0.36754     1.520    8.157E+03      48   4.441E+07  -2.420E-12   3.500E-31
3s2_6g_2Ge[7/2]             8.0     119578.230100     0.36754     1.520    8.157E+03      49   4.438E+07  -2.420E-12   3.500E-31
3s2_6h_2Ho[9/2]            10.0     119595.844000     0.36701     1.518    8.168E+03      50   2.684E+07   2.170E-12   2.660E-31
3s2_6h_2Ho[11/2]           12.0     119595.844100     0.36701     1.518    8.168E+03      51   2.684E+07   2.170E-12   2.660E-31
3s_3p(3Po)4s_2Po[1/2]       2.0     121444.120000     0.31160     1.289    9.621E+03      52   6.279E+08  -2.890E-13   3.290E-31
3s_3p(3Po)4s_2Po[3/2]       4.0     121590.190000     0.30723     1.271    9.758E+03      53   6.245E+08  -4.570E-13   3.510E-31
3s2_8s_2Se[1/2]             2.0     121814.380000     0.30050     1.243    9.976E+03      54   7.737E+07   5.010E-13   7.960E-31
3s2_7d_2De[3/2]             4.0     122163.480000     0.29004     1.200    1.034E+04      55   4.554E+07  -4.400E-13   7.440E-31
3s2_7d_2De[5/2]             6.0     122163.540000     0.29004     1.199    1.034E+04      56   4.536E+07  -4.070E-13   7.440E-31
3s2_7f_2Fo[7/2]             8.0     122655.250000     0.27530     1.139    1.089E+04      57   6.964E+07  -8.270E-13   7.840E-31
3s2_7f_2Fo[5/2]             6.0     122655.370000     0.27529     1.139    1.089E+04      58   6.952E+07  -8.280E-13   7.840E-31
3s2_7h_2Ho[9/2]            10.0     122830.252000     0.27005     1.117    1.110E+04      59   1.688E+07  -3.560E-11   6.140E-31
3s2_7h_2Ho[11/2]           12.0     122830.252100     0.27005     1.117    1.110E+04      60   1.688E+07  -3.560E-11   6.140E-31
3s2_7g_2Ge[9/2]            10.0     122835.130000     0.26990     1.116    1.111E+04      61   2.801E+07   2.950E-11   7.280E-31
3s2_7g_2Ge[7/2]             8.0     122835.130100     0.26990     1.116    1.111E+04      62   2.799E+07   2.950E-11   7.280E-31
3s2_7i_2Ie[11/2]           12.0     122836.309000     0.26987     1.116    1.111E+04      63   1.191E+07   1.040E-11   4.750E-31
3s2_7i_2Ie[13/2]           14.0     122836.309100     0.26987     1.116    1.111E+04      64   1.192E+07   1.040E-11   4.750E-31
3p3_4So[3/2]                4.0     123033.500000     0.26396     1.092    1.136E+04      65   3.720E+09   2.380E-16   2.080E-32
3s2_8p_2Po[1/2]             2.0     123097.630000     0.26203     1.084    1.144E+04      66   1.427E+08  -1.650E-14   8.600E-31
3s2_8p_2Po[3/2]             4.0     123138.670000     0.26080     1.079    1.149E+04      67   2.123E+08  -4.760E-14   8.300E-31
3s2_9s_2Se[1/2]             2.0     124276.700000     0.22669     0.937    1.322E+04      68   5.110E+07  -5.270E-13   1.390E-30
3s_3p(3Po)3d_4Do[5/2]       6.0     124316.900000     0.22548     0.933    1.330E+04      69   3.352E+09  -2.950E-16   1.060E-32
3s_3p(3Po)3d_4Do[3/2]       4.0     124325.300000     0.22523     0.931    1.331E+04      70   3.850E+09  -2.730E-16   1.110E-32
3s_3p(3Po)3d_4Do[1/2]       2.0     124337.300000     0.22487     0.930    1.333E+04      71   4.135E+09  -2.750E-16   1.140E-32
3s_3p(3Po)3d_4Do[7/2]       8.0     124449.500000     0.22151     0.916    1.353E+04      72   4.204E+09  -1.520E-15   1.170E-32
3s2_8d_2De[5/2]             6.0     124495.700000     0.22012     0.910    1.362E+04      73   2.684E+07  -1.480E-12   1.320E-30
3s2_8d_2De[3/2]             4.0     124495.700100     0.22012     0.910    1.362E+04      74   2.690E+07  -1.500E-12   1.320E-30
3s_3p(3Po)3d_4Po[5/2]       6.0     124567.400000     0.21797     0.901    1.375E+04      75   2.675E+09  -1.710E-16   9.850E-33
3s_3p(3Po)3d_4Po[3/2]       4.0     124615.600000     0.21653     0.895    1.385E+04      76   2.224E+09  -1.580E-16   9.340E-33
3s_3p(3Po)3d_4Po[1/2]       2.0     124638.900000     0.21583     0.893    1.389E+04      77   1.963E+09  -2.110E-16   9.020E-33
3s2_8f_2Fo[7/2]             8.0     124822.080000     0.21034     0.870    1.425E+04      78   4.252E+07  -2.220E-12   1.390E-30
3s2_8f_2Fo[5/2]             6.0     124822.140000     0.21033     0.870    1.425E+04      79   4.190E+07  -2.220E-12   1.390E-30
3s2_8h_2Ho[9/2]            10.0     124931.001000     0.20707     0.856    1.448E+04      80   1.131E+07  -5.720E-11   1.160E-30
3s2_8h_2Ho[11/2]           12.0     124931.001100     0.20707     0.856    1.448E+04      81   1.131E+07  -5.720E-11   1.160E-30
3s2_8i_2Ie[11/2]           12.0     124935.799000     0.20693     0.856    1.449E+04      82   8.029E+06   3.680E-11   9.770E-31
3s2_8i_2Ie[13/2]           14.0     124935.799100     0.20693     0.856    1.449E+04      83   8.018E+06   3.680E-11   9.770E-31
3s2_8g_2Ge[9/2]            10.0     124948.400000     0.20655     0.854    1.451E+04      84   1.873E+07   1.930E-11   1.310E-30
3s2_8g_2Ge[7/2]             8.0     124948.400100     0.20655     0.854    1.451E+04      85   1.874E+07   1.930E-11   1.310E-30
3s2_8z_2Z                  30.0     124979.691710     0.20561     0.850    1.458E+04     -86   6.345E+06   0.000E+00   0.000E+00
3s2_9p_2Po[1/2]             2.0     125024.900000     0.20426     0.845    1.468E+04      87   2.483E+07   3.710E-13   1.590E-30
3s2_9p_2Po[3/2]             4.0     125033.700000     0.20399     0.844    1.470E+04      88   3.135E+07   3.410E-13   1.580E-30
3s2_10s_2Se[1/2]            2.0     125887.796000     0.17839     0.738    1.681E+04      89   3.460E+07  -1.580E-12   2.280E-30
3s2_9d_2De[3/2]             4.0     126037.258000     0.17391     0.719    1.724E+04      90   1.658E+07  -3.330E-12   2.190E-30
3s2_9d_2De[5/2]             6.0     126037.380000     0.17390     0.719    1.724E+04      91   1.653E+07  -3.360E-12   2.190E-30
3s_3p(3Po)3d_2Po[3/2]       4.0     126236.400000     0.16794     0.695    1.785E+04      92   2.581E+08   1.340E-12   7.780E-31
3s_3p(3Po)3d_2Po[1/2]       2.0     126279.000000     0.16666     0.689    1.799E+04      93   1.915E+08   1.420E-12   1.090E-30
3s2_9f_2Fo[5/2]             6.0     126304.820000     0.16588     0.686    1.807E+04      94   2.575E+07  -5.490E-12   2.290E-30
3s2_9f_2Fo[7/2]             8.0     126304.820100     0.16588     0.686    1.807E+04      95   2.576E+07  -5.490E-12   2.290E-30
3s2_9h_2Ho[9/2]            10.0     126371.351000     0.16389     0.678    1.829E+04      96   7.950E+06  -1.300E-10   1.680E-30
3s2_9h_2Ho[11/2]           12.0     126371.351100     0.16389     0.678    1.829E+04      97   7.951E+06  -1.300E-10   1.680E-30
3s2_9i_2Ie[11/2]           12.0     126375.106000     0.16378     0.677    1.830E+04      98   5.661E+06   9.520E-11   1.360E-30
3s2_9i_2Ie[13/2]           14.0     126375.106100     0.16378     0.677    1.830E+04      99   5.662E+06   9.520E-11   1.360E-30
3s2_9g_2Ge[9/2]            10.0     126396.470000     0.16314     0.675    1.838E+04     100   1.298E+07   2.700E-11   1.950E-30
3s2_9g_2Ge[7/2]             8.0     126396.470100     0.16314     0.675    1.838E+04     101   1.298E+07   2.700E-11   1.950E-30
3s2_9z_2Z                  64.0     126419.119129     0.16246     0.672    1.845E+04    -102   3.842E+06   0.000E+00   0.000E+00
3s2_10p_2Po[3/2]            4.0     126525.800000     0.15926     0.659    1.882E+04     103   1.715E+08  -8.650E-14   1.960E-30
3s2_10p_2Po[1/2]            2.0     126545.400000     0.15867     0.656    1.889E+04     104   2.276E+08  -2.340E-13   1.650E-30
3s2_11s_2Se[1/2]            2.0     127053.070000     0.14345     0.593    2.090E+04     105   2.505E+07  -2.450E-12   3.550E-30
3s2_10d_2De[3/2]            4.0     127158.013000     0.14031     0.580    2.137E+04     106   1.121E+07  -6.310E-12   3.460E-30
3s2_10d_2De[5/2]            6.0     127158.124000     0.14030     0.580    2.137E+04     107   1.118E+07  -6.300E-12   3.460E-30
3s2_10f_2Fo[5/2]            6.0     127363.500000     0.13415     0.555    2.235E+04     108   5.195E+07  -1.160E-11   3.360E-30
3s2_10f_2Fo[7/2]            8.0     127363.500100     0.13415     0.555    2.235E+04     109   5.161E+07  -1.160E-11   3.360E-30
3s2_10h_2Ho                22.0     127431.122653     0.13212     0.546    2.269E+04    -110   5.936E+06   0.000E+00   0.000E+00
3s2_10g_2Ge[9/2]           10.0     127432.020000     0.13209     0.546    2.270E+04     111   9.046E+06   1.190E-11   1.600E-30
3s2_10g_2Ge[7/2]            8.0     127432.020100     0.13209     0.546    2.270E+04     112   9.045E+06   1.190E-11   1.600E-30
3s2_10i_2Ie                26.0     127435.535186     0.13199     0.546    2.271E+04    -113   4.319E+06   0.000E+00   0.000E+00
3s2_11p_2Po[1/2]            2.0     127447.884000     0.13162     0.544    2.278E+04     114   3.565E+08   3.980E-12   2.230E-30
3s2_10z_2Z                102.0     127448.733095     0.13159     0.544    2.278E+04    -115   2.479E+06   0.000E+00   0.000E+00
3s2_11p_2Po[3/2]            4.0     127450.093000     0.13155     0.544    2.279E+04     116   3.449E+08   3.960E-12   2.230E-30
3s2_11d_2De                10.0     128004.262015     0.11494     0.475    2.608E+04    -117   8.928E+06   0.000E+00   0.000E+00
3s2_11f_2Fo[5/2]            6.0     128145.350000     0.11071     0.458    2.708E+04     118   7.981E+07  -3.060E-11   2.910E-30
3s2_11f_2Fo[7/2]            8.0     128145.350100     0.11071     0.458    2.708E+04     119   8.031E+07  -3.060E-11   2.910E-30
3s2_11h_2Ho                22.0     128197.303618     0.10915     0.451    2.747E+04    -120   4.484E+06   0.000E+00   0.000E+00
3s2_11g_2Ge[9/2]           10.0     128197.900000     0.10913     0.451    2.747E+04     121   5.577E+06   2.400E-11   2.310E-30
3s2_11g_2Ge[7/2]            8.0     128197.900100     0.10913     0.451    2.747E+04     122   5.580E+06   2.400E-11   2.310E-30
3s2_11i_2Ie                26.0     128200.617235     0.10905     0.451    2.749E+04    -123   3.226E+06   0.000E+00   0.000E+00
3s2_11z_2Z                144.0     128210.530987     0.10875     0.450    2.757E+04    -124   1.652E+06   0.000E+00   0.000E+00
3s2_12w_2W                288.0     128789.940760     0.09138     0.378    3.281E+04    -125   3.726E+06   0.000E+00   0.000E+00
3s2_13w_2W                338.0     129240.857807     0.07786     0.322    3.850E+04    -126   2.496E+06   0.000E+00   0.000E+00
3s2_14w_2W                392.0     129598.646681     0.06714     0.278    4.465E+04    -127   1.753E+06   0.000E+00   0.000E+00
3s2_15w_2W                450.0     129887.292486     0.05848     0.242    5.126E+04    -128   1.266E+06   0.000E+00   0.000E+00
3s2_16w_2W                512.0     130123.527928     0.05140     0.213    5.832E+04    -129   9.354E+05   0.000E+00   0.000E+00
3s2_17w_2W                578.0     130319.314081     0.04553     0.188    6.584E+04    -130   7.043E+05   0.000E+00   0.000E+00
3s2_18w_2W                648.0     130483.384782     0.04061     0.168    7.381E+04    -131   5.391E+05   0.000E+00   0.000E+00
3s2_19w_2W                722.0     130622.237810     0.03645     0.151    8.224E+04    -132   4.187E+05   0.000E+00   0.000E+00
3s2_20w_2W                800.0     130740.788274     0.03290     0.136    9.113E+04    -133   3.294E+05   0.000E+00   0.000E+00
3s2_21w_2W                882.0     130842.809636     0.02984     0.123    1.005E+05    -134   2.622E+05   0.000E+00   0.000E+00
3s2_22w_2W                968.0     130931.237747     0.02719     0.112    1.103E+05    -135   2.109E+05   0.000E+00   0.000E+00
3s2_23w_2W               1058.0     131008.384441     0.02488     0.103    1.205E+05    -136   1.713E+05   0.000E+00   0.000E+00
3s2_24w_2W               1152.0     131076.090190     0.02285     0.094    1.312E+05    -137   1.404E+05   0.000E+00   0.000E+00
3s2_25w_2W               1250.0     131135.834895     0.02105     0.087    1.424E+05    -138   1.160E+05   0.000E+00   0.000E+00
3s2_26w_2W               1352.0     131188.819452     0.01947     0.081    1.540E+05    -139   9.650E+04   0.000E+00   0.000E+00
3s2_27w_2W               1458.0     131236.026570     0.01805     0.075    1.661E+05    -140   8.085E+04   0.000E+00   0.000E+00
3s2_28w_2W               1568.0     131278.266670     0.01678     0.069    1.786E+05    -141   6.817E+04   0.000E+00   0.000E+00
3s2_29w_2W               1682.0     131316.212901     0.01565     0.065    1.916E+05    -142   5.782E+04   0.000E+00   0.000E+00
3s2_30w_2W               1800.0     131350.428122     0.01462     0.060    2.050E+05    -143   4.931E+04   0.000E+00   0.000E+00
3s_3p(3Po)3d_2Fo[5/2]       6.0     131677.100000     0.00483     0.020    6.210E+05     144   1.692E+09  -6.070E-16   1.460E-32
3s_3p(3Po)4p_4De[1/2]       2.0     131784.900000     0.00160     0.007    1.878E+06     145   9.946E+07  -1.230E-16   2.650E-32
3s_3p(3Po)4p_4De[3/2]       4.0     131861.930000    -0.00071    -0.003   -4.203E+06     146   9.981E+07  -1.210E-16   2.650E-32
3s_3p(3Po)3d_2Fo[7/2]       8.0     131918.800000    -0.00242    -0.010   -1.240E+06     147   1.717E+09  -6.350E-16   1.470E-32
3s_3p(3Po)4p_4De[5/2]       6.0     131988.050000    -0.00449    -0.019   -6.671E+05     148   1.002E+08  -1.180E-16   2.650E-32
3s_3p(3Po)4p_4De[7/2]       8.0     132162.290000    -0.00972    -0.040   -3.085E+05     149   1.008E+08  -1.240E-16   2.650E-32
3s_3p(3Po)4p_2Pe[1/2]       2.0     132592.100000    -0.02260    -0.093   -1.326E+05     150   1.063E+08  -5.430E-16   2.690E-32
3s_3p(3Po)4p_2Pe[3/2]       4.0     132676.200000    -0.02512    -0.104   -1.193E+05     151   1.060E+08  -5.480E-16   2.690E-32
3s_3p(3Po)4p_4Pe[1/2]       2.0     134016.900000    -0.06532    -0.270   -4.590E+04     152   1.161E+08  -1.490E-16   3.090E-32
3s_3p(3Po)4p_4Pe[3/2]       4.0     134079.000000    -0.06718    -0.278   -4.463E+04     153   1.159E+08  -1.500E-16   3.080E-32
3s_3p(3Po)4p_4Pe[5/2]       6.0     134213.630000    -0.07122    -0.295   -4.210E+04     154   1.167E+08  -1.500E-16   3.090E-32
3s_3p(3Po)4p_4Se[3/2]       4.0     134905.280000    -0.09195    -0.380   -3.260E+04     155   9.275E+07  -9.750E-17   2.770E-32
3p3_2Do[5/2]                6.0     135297.300000    -0.10370    -0.429   -2.891E+04     156   2.437E+09   4.200E-17   1.450E-32
